230.32	-373.94	1.48	
-272.64	-261.23	1.12	
-373.33	176.01	1.34	
-276.52	-17.26	1.29	
191.86	-116.37	1.98	
179.73	84.40	1.32	
-357.06	-6.41	1.63	
418.69	373.30	1.34	
-322.70	188.34	1.96	
417.96	285.96	1.06	
-218.15	-347.06	1.05	
-36.48	387.91	1.17	
-60.78	71.55	1.60	
-275.76	-92.93	1.48	
309.61	-390.51	1.24	
76.19	53.41	1.94	
-297.66	260.10	1.03	
188.19	-130.48	1.56	
64.64	-386.73	1.49	
343.97	-184.90	1.13	
-307.57	253.51	1.12	
10.84	-204.13	1.60	
385.83	-146.66	1.62	
-179.01	-373.90	1.35	
170.69	149.85	1.74	
-307.06	76.07	1.80	
37.83	-326.49	1.08	
-136.61	397.56	1.80	
150.39	32.58	1.18	
287.24	285.99	1.50	
250.42	177.46	1.99	
-273.96	-136.64	1.84	
-30.50	-368.38	1.41	
-305.24	130.55	1.56	
-269.26	-64.95	1.90	
-90.21	420.99	1.91	
378.28	79.00	1.36	
-84.27	257.94	1.63	
9.81	-208.75	1.14	
357.57	396.32	1.62	
-240.29	-26.74	1.41	
-61.27	-192.42	1.89	
-150.12	-37.34	1.89	
-110.59	-348.55	1.83	
-34.15	14.75	1.73	
371.16	-86.22	1.66	
402.88	43.61	1.42	
-281.65	42.71	1.86	
59.10	-156.51	1.64	
-411.79	-216.21	1.89	
-230.04	174.98	1.80	
-111.10	-366.65	1.24	
202.04	-13.83	1.77	
226.18	-170.19	1.42	
341.45	262.72	1.93	
-251.19	-30.27	1.50	
94.88	372.61	1.26	
-261.04	318.12	1.26	
-71.54	-419.39	1.25	
25.98	419.07	1.02	
393.91	-238.43	1.82	
300.27	103.09	1.52	
-356.33	-50.48	1.57	
68.57	-26.75	1.92	
171.85	-281.57	1.98	
-153.07	-329.21	1.71	
-138.07	366.71	1.79	
136.14	349.40	1.87	
14.01	-179.18	1.39	
185.08	133.33	1.35	
-110.08	10.14	1.54	
-291.26	341.14	1.27	
238.24	332.05	1.21	
315.61	152.09	1.36	
-128.09	-103.95	1.36	
-192.39	200.53	1.79	
-356.45	-249.81	1.44	
410.54	50.66	1.04	
415.04	196.92	1.46	
52.09	6.17	1.61	
-241.98	-22.99	1.79	
-419.92	144.66	1.92	
-419.43	-257.00	1.22	
38.64	289.26	1.67	
342.58	-403.72	1.60	
-43.97	69.45	1.96	
309.87	-120.86	1.64	
406.41	125.11	1.17	
34.83	31.49	1.86	
-113.73	-144.72	1.73	
-222.87	-18.40	1.16	
-366.35	324.92	1.02	
263.38	193.29	1.86	
-341.05	312.42	1.13	
81.84	85.48	1.92	
187.51	344.88	1.71	
-13.77	-21.65	1.76	
416.67	127.47	1.65	
-326.72	-206.36	1.05	
-158.82	178.93	1.67	
-317.60	-290.80	1.73	
304.13	328.70	1.61	
125.56	312.11	1.45	
285.99	24.61	1.25	
59.32	400.20	1.12	
-112.44	-340.24	1.45	
-142.01	-199.56	1.62	
144.30	-189.02	1.30	
-236.57	305.80	1.46	
-85.25	45.63	1.85	
161.52	-173.63	1.00	
139.55	-147.82	1.88	
-338.73	-197.56	1.92	
-168.38	-56.44	1.93	
87.01	-52.73	1.71	
-426.53	-310.92	1.07	
24.54	230.51	1.30	
-172.79	233.35	1.15	
189.93	263.20	1.27	
-312.98	228.90	1.82	
-102.97	-58.15	1.38	
-247.85	219.42	1.77	
367.45	349.53	1.92	
252.80	76.11	1.21	
425.78	234.19	1.83	
130.08	121.99	1.88	
3.65	-22.10	1.49	
-348.63	-199.82	1.03	
269.26	-152.94	1.29	
-386.04	120.13	1.74	
181.28	-117.65	1.71	
-53.60	271.19	1.50	
-383.86	207.32	1.56	
219.40	-415.96	1.86	
54.95	343.70	1.15	
104.29	-355.11	1.01	
120.49	-298.18	1.56	
-232.73	92.96	1.94	
-124.49	106.59	1.14	
129.89	-277.25	1.03	
-233.36	-237.22	2.00	
116.38	183.51	1.98	
-342.88	-236.98	1.21	
182.54	264.43	1.39	
70.38	-84.92	1.02	
-119.54	406.00	1.63	
393.08	159.33	1.65	
292.84	58.99	1.82	
-402.37	-254.34	1.40	
-181.68	333.58	1.93	
232.63	-285.10	1.38	
-235.21	-395.05	1.74	
288.93	-147.25	1.82	
-84.56	-332.51	1.42	
92.72	-370.14	1.10	
62.52	292.55	1.54	
-276.85	50.94	1.75	
-64.85	35.72	1.94	
211.84	219.31	1.15	
49.11	343.48	1.40	
-59.13	-73.98	1.63	
387.01	205.43	1.87	
-109.53	-15.05	1.94	
-299.18	283.94	1.87	
-318.57	-210.23	1.46	
123.58	-176.81	1.19	
68.78	-231.82	1.85	
188.83	378.07	1.11	
-220.74	-304.55	1.78	
278.27	34.81	1.16	
154.46	-202.61	1.09	
115.49	-309.30	1.48	
-131.65	225.12	1.52	
246.98	-36.86	1.64	
-47.77	130.26	1.38	
198.68	99.41	1.10	
-243.45	-298.68	1.82	
-142.29	239.10	1.09	
334.32	154.30	1.85	
140.13	-376.42	1.88	
18.31	262.89	1.94	
-56.38	-418.21	1.88	
129.46	-244.11	1.41	
235.68	343.10	1.51	
-10.77	-401.94	1.05	
-107.65	239.31	1.61	
-54.74	-402.06	1.64	
30.93	-332.96	1.32	
417.35	-23.91	1.36	
-229.93	-216.13	1.74	
296.46	266.82	1.62	
3.22	-30.40	1.64	
374.19	-397.02	1.60	
238.94	142.00	1.90	
392.85	385.68	1.81	
-148.59	-300.54	1.92	
179.08	-44.55	1.67	
33.86	270.11	1.04	
-373.41	398.35	1.28	
-144.50	-372.99	1.04	
213.56	226.94	1.35	
-33.94	-37.08	1.27	
-152.07	16.73	1.16	
263.37	242.04	1.61	
407.68	-399.80	1.79	
-105.17	-125.66	1.03	
-88.72	60.45	1.25	
77.85	18.14	1.94	
-251.22	173.81	1.06	
-369.05	-301.25	1.28	
-325.01	-235.81	1.25	
-175.50	-215.50	1.20	
241.37	235.75	1.09	
-270.14	-88.27	1.26	
51.75	-271.99	1.04	
237.61	-172.62	1.74	
205.14	-365.54	1.70	
348.38	191.53	1.88	
165.52	-328.06	1.97	
-87.85	271.12	1.16	
158.71	-8.05	1.57	
410.11	-258.14	1.90	
278.95	28.28	1.31	
159.67	259.03	1.26	
-366.37	-211.33	1.26	
276.38	-110.73	1.26	
144.17	-243.15	1.31	
336.95	267.61	1.75	
-307.45	282.29	1.30	
335.82	179.57	1.66	
-252.36	-52.00	1.54	
-95.50	-412.00	1.33	
106.58	421.92	1.85	
88.92	327.25	1.57	
208.97	-219.38	1.53	
-78.96	-221.31	1.78	
-56.88	123.00	1.61	
314.20	67.86	1.74	
371.48	139.31	1.52	
121.76	-366.65	1.79	
325.09	-198.52	1.87	
-316.06	170.51	1.91	
-319.85	219.61	1.19	
155.99	-156.42	1.57	
-204.95	-68.92	1.39	
-368.75	-244.24	1.31	
306.82	9.74	1.06	
-65.04	197.25	1.45	
62.08	186.75	1.98	
42.12	-245.84	1.49	
-100.46	-187.75	1.76	
241.44	90.92	1.89	
-335.20	26.66	1.20	
-35.36	-379.60	1.97	
-402.49	-330.75	1.63	
-416.04	245.58	1.54	
-291.11	411.38	1.91	
197.83	340.54	1.90	
328.59	-149.45	1.09	
260.43	35.88	1.01	
161.56	-111.75	1.29	
421.74	294.57	1.18	
346.07	133.15	1.57	
-66.79	-139.66	1.37	
-219.16	-23.76	1.28	
367.02	179.10	1.18	
-410.73	-101.08	1.48	
36.29	-374.48	1.83	
-103.33	-138.48	1.76	
-287.33	-78.27	1.92	
-39.63	-387.08	1.81	
41.53	-282.20	1.99	
222.40	-8.10	1.84	
-337.78	-0.92	1.83	
-183.89	-80.80	1.29	
267.70	423.38	1.04	
-226.86	118.91	1.50	
299.99	381.79	1.65	
-244.21	-85.65	1.84	
-210.53	-239.73	1.18	
-61.05	287.60	1.05	
100.44	-397.68	1.01	
-10.73	171.29	1.68	
383.75	-73.94	1.80	
202.83	355.77	1.69	
-281.33	421.03	1.04	
329.80	410.62	1.62	
-389.64	403.04	1.62	
190.21	-280.11	1.88	
367.01	105.33	1.68	
-331.39	304.63	1.00	
-317.39	134.89	1.41	
-21.05	-193.07	1.29	
-382.60	214.67	1.26	
114.23	-6.08	1.52	
-289.56	-332.84	1.84	
-298.61	-234.99	1.04	
-391.34	-355.25	2.00	
359.83	-227.93	1.11	
-222.94	-262.47	1.51	
-122.34	-352.67	1.19	
-191.13	212.18	1.86	
-165.83	227.43	1.58	
399.06	292.08	1.09	
53.34	356.32	1.48	
-156.47	-114.33	1.31	
93.04	-363.71	1.31	
384.59	153.80	1.13	
92.48	324.27	1.89	
383.06	227.56	1.06	
-205.85	62.23	1.27	
-412.83	-424.36	1.89	
-301.77	82.25	1.56	
150.06	382.62	1.83	
-87.64	-188.07	1.42	
223.15	214.41	1.68	
74.24	-214.71	1.59	
107.36	385.26	1.42	
-177.63	1.27	1.62	
-205.03	133.00	1.33	
322.10	-86.34	1.40	
117.59	-200.77	1.36	
45.96	-151.46	1.92	
-40.60	-19.87	1.86	
-42.34	363.60	1.79	
321.83	-32.08	1.44	
182.61	120.78	1.49	
117.73	28.23	1.89	
-125.98	-414.47	1.43	
399.89	-227.69	1.63	
89.14	-45.25	1.03	
305.40	209.26	1.65	
-169.37	-308.14	1.61	
-411.22	-270.75	1.42	
-316.85	-251.19	1.93	
294.75	-257.94	1.97	
-369.66	-382.54	1.15	
-64.05	99.38	1.87	
81.05	-387.34	1.49	
-150.83	-24.79	1.16	
-324.00	365.99	1.95	
52.70	126.13	1.52	
-67.41	-233.25	1.44	
-351.43	320.31	1.56	
136.90	142.74	1.88	
-18.66	106.05	1.34	
-306.24	-393.44	1.46	
-20.23	-17.27	1.74	
-292.81	415.49	2.00	
-369.07	-310.83	1.54	
-227.60	181.18	1.90	
102.85	-163.92	1.17	
-35.07	-13.12	1.17	
-143.36	209.76	1.07	
-112.19	-313.06	1.34	
284.99	-52.41	1.06	
232.75	166.40	1.41	
336.35	-355.20	1.76	
-23.97	205.28	1.57	
-146.87	398.06	1.77	
36.74	386.16	1.66	
-302.80	-234.49	1.77	
329.93	26.64	1.17	
112.38	182.21	1.91	
-255.00	-327.95	1.88	
-386.71	-322.23	1.38	
140.51	96.80	1.28	
-248.03	-195.73	1.93	
112.88	-338.03	1.65	
-95.91	16.39	1.76	
58.45	53.85	1.94	
-343.15	-19.41	1.41	
-25.84	-144.99	1.39	
202.55	399.38	1.71	
-195.02	401.60	1.57	
-187.15	-209.86	1.70	
-233.00	421.82	1.88	
-91.52	-208.47	1.92	
144.22	-215.78	1.25	
118.50	1.62	1.68	
202.11	-178.90	1.94	
-345.98	372.91	1.99	
-165.76	59.08	1.87	
220.67	379.59	1.65	
-65.30	106.44	1.74	
36.52	-392.54	1.51	
399.74	-413.29	1.23	
386.11	245.04	1.31	
-390.33	-366.95	1.53	
318.36	297.91	1.49	
-257.15	168.07	1.32	
343.71	390.32	1.75	
282.67	398.83	1.85	
139.56	141.72	1.75	
-308.96	-165.48	1.87	
55.36	-266.04	1.74	
249.01	-198.58	1.42	
122.91	-17.53	1.20	
275.49	-38.29	1.73	
250.61	-210.04	1.91	
-30.31	414.76	1.44	
-371.23	-265.29	1.05	
-326.59	-219.63	1.51	
-397.23	-227.33	1.76	
102.60	-168.92	1.11	
16.69	311.27	1.29	
-224.34	105.91	1.51	
32.19	356.31	1.23	
222.50	-332.26	1.81	
187.24	401.40	1.59	
-36.71	-392.77	1.67	
286.22	196.32	1.37	
-12.19	250.95	1.32	
204.62	-133.01	1.73	
-328.44	189.57	1.92	
143.04	-154.09	1.61	
321.11	340.61	1.50	
293.75	55.12	1.32	
-248.04	123.65	1.45	
-81.64	261.18	1.85	
335.52	-312.15	1.42	
-423.54	-5.47	1.24	
-274.60	214.49	1.31	
-20.39	309.12	1.53	
-396.42	-408.10	1.04	
297.31	326.40	1.90	
115.81	274.95	1.49	
-32.51	409.46	1.02	
411.31	327.24	1.81	
322.84	273.94	1.24	
1.40	-382.02	1.33	
-142.07	-348.33	1.19	
199.29	405.07	1.10	
1.32	332.19	1.54	
-422.40	48.36	1.72	
-232.73	58.07	1.87	
-254.41	-52.47	1.31	
-206.51	-46.62	1.41	
-181.60	-70.19	1.75	
-318.96	-291.34	1.34	
-174.99	-423.09	1.83	
-285.63	384.42	1.52	
-114.89	100.33	1.74	
366.96	-62.10	1.75	
-292.15	-234.41	1.09	
-106.05	-145.06	1.46	
197.53	172.57	1.90	
174.25	-265.04	1.40	
-376.84	-124.90	1.24	
72.27	380.65	1.36	
-113.33	-402.43	1.61	
342.25	403.41	1.80	
336.91	168.67	1.58	
-318.75	-148.32	1.59	
-364.26	279.45	1.99	
250.64	68.49	1.55	
-111.53	83.19	1.48	
36.49	-172.26	1.94	
-24.09	-248.44	1.95	
-308.48	-391.20	1.47	
248.39	37.25	1.40	
403.49	375.27	1.93	
205.68	251.75	1.43	
-20.14	-81.81	1.62	
350.26	-404.38	1.15	
88.03	317.30	1.05	
170.65	94.49	1.44	
394.45	-248.19	1.32	
-378.15	-104.66	1.12	
-42.85	103.63	1.20	
96.50	394.37	1.43	
-341.46	-358.63	1.15	
358.79	265.19	1.51	
-237.41	106.81	1.30	
-80.18	-341.31	1.31	
134.13	81.35	1.22	
-303.27	-252.13	1.56	
-263.38	370.04	1.13	
-83.13	-417.46	1.37	
76.72	22.03	1.70	
-117.63	-7.33	1.18	
-361.52	-376.71	1.95	
154.01	-65.88	1.34	
-382.83	20.20	1.48	
-249.89	-279.48	1.28	
254.04	-90.89	1.29	
111.61	-418.38	1.99	
-421.43	380.86	1.04	
-34.00	257.85	1.15	
371.32	-352.26	1.69	
-206.49	-337.41	1.73	
157.49	-290.49	1.32	
377.25	-111.07	1.09	
-224.26	402.60	1.96	
174.40	-70.26	1.27	
-15.22	-414.93	1.93	
-140.82	29.57	1.78	
261.58	240.90	1.58	
418.53	206.67	1.04	
283.66	53.04	1.32	
385.87	-384.29	1.78	
20.86	-183.84	1.46	
135.12	-185.72	1.39	
-370.75	-253.12	1.30	
-98.22	393.55	1.48	
70.84	-274.64	1.81	
-200.88	-57.75	1.84	
-361.80	147.32	1.14	
248.53	-272.00	1.71	
389.49	234.52	1.79	
353.66	-426.48	1.20	
381.73	-73.78	1.07	
218.20	-387.76	1.79	
-260.55	-32.36	1.24	
156.04	136.31	1.65	
-369.78	175.27	1.84	
201.87	-359.65	1.18	
118.18	-74.38	1.64	
140.88	-416.49	1.45	
-301.87	1.43	1.16	
376.03	-302.87	1.79	
-296.98	-270.05	1.53	
114.33	54.07	1.90	
204.84	352.80	1.14	
-125.64	39.58	1.85	
21.65	375.15	1.93	
138.29	37.90	1.77	
-388.18	-69.28	1.58	
-124.23	278.04	1.37	
-404.09	127.12	1.60	
245.86	244.96	1.34	
70.53	-241.41	1.10	
-406.43	145.37	1.00	
-207.49	180.93	1.29	
-221.82	321.76	1.05	
373.39	41.48	1.25	
226.75	-414.32	1.38	
101.85	102.08	1.85	
139.72	-285.14	1.41	
-344.76	234.54	1.48	
410.09	-374.06	1.71	
-159.93	-62.36	1.95	
186.96	-12.72	1.66	
418.01	-267.36	1.16	
-72.58	-208.61	1.72	
-301.12	60.93	1.64	
199.64	-253.48	1.15	
120.27	-316.43	1.85	
-14.23	129.19	1.68	
103.48	-97.20	1.66	
-302.12	-189.95	1.34	
-219.84	17.27	1.73	
-321.68	362.54	1.01	
119.26	-263.87	1.73	
180.43	227.98	1.11	
-372.87	305.89	1.36	
-185.20	158.66	1.31	
171.55	-266.77	1.09	
-149.78	317.28	1.17	
-175.65	192.46	1.60	
-22.72	-150.21	1.81	
244.28	251.69	1.19	
358.35	-112.05	1.68	
-14.75	-98.19	1.09	
278.82	359.16	1.52	
161.63	267.21	1.93	
361.23	-274.81	1.02	
-246.86	420.02	1.64	
-156.58	-38.03	1.78	
64.11	73.92	1.82	
362.60	252.06	1.65	
-267.77	79.02	1.83	
369.43	302.11	1.56	
-408.11	-91.40	1.54	
354.62	-263.45	1.60	
202.73	175.21	1.56	
263.58	-252.68	1.98	
131.88	186.56	1.38	
-195.25	-156.00	1.84	
-46.27	-282.11	1.77	
-132.58	281.40	1.83	
15.46	-287.06	1.81	
167.65	-292.12	1.14	
-336.38	-170.67	1.82	
-416.77	189.81	1.71	
401.34	415.98	1.22	
-192.85	391.48	1.57	
-421.35	205.01	1.91	
-36.77	418.71	1.85	
105.15	345.43	1.15	
73.40	-96.30	1.93	
40.47	249.47	1.41	
347.23	404.68	1.70	
322.14	194.16	1.39	
51.89	223.92	1.71	
304.54	276.94	1.77	
-341.92	273.15	2.00	
351.29	417.80	1.09	
-379.70	-382.83	1.87	
338.39	-134.86	1.23	
168.08	391.08	1.38	
-307.36	-168.68	1.59	
238.61	361.31	1.11	
-37.84	79.31	1.55	
-22.83	-353.87	1.24	
47.34	321.43	1.79	
183.33	298.61	1.86	
60.18	91.01	1.93	
150.33	417.72	1.70	
-250.45	193.08	1.95	
-405.25	-32.21	1.88	
39.72	280.54	1.60	
215.53	-304.03	1.58	
-312.67	-226.07	1.14	
395.33	184.28	1.03	
88.76	272.46	1.59	
268.64	-422.76	1.50	
-383.34	-361.15	1.11	
-207.31	-120.71	1.41	
127.92	90.47	1.45	
237.01	-124.88	1.01	
-364.37	347.58	1.93	
23.79	29.49	1.83	
52.62	-93.08	1.02	
227.71	256.05	1.08	
283.93	-124.12	1.40	
-81.65	-282.91	1.67	
81.78	-364.38	1.25	
-265.14	8.36	1.49	
280.28	-57.55	1.07	
-375.02	155.16	1.07	
-399.61	-378.71	1.68	
9.51	245.39	1.15	
-117.78	324.91	1.59	
-164.62	-64.95	1.34	
-72.56	188.35	1.26	
194.94	143.58	1.98	
-363.88	-58.55	1.22	
-35.15	31.68	1.27	
-29.25	167.46	1.84	
-130.28	-268.96	1.83	
186.37	94.84	1.93	
149.09	333.99	1.24	
-17.55	411.65	1.69	
216.80	105.00	1.30	
-341.08	412.28	1.99	
375.53	7.99	1.04	
123.66	-259.44	1.42	
172.64	-174.71	1.71	
-59.88	45.05	1.36	
146.42	-109.97	1.47	
-387.88	35.45	1.62	
-154.77	245.05	1.88	
-173.76	-89.45	1.78	
-261.21	-162.06	1.39	
-36.00	-181.04	1.05	
-168.93	300.64	1.85	
251.74	-41.11	1.38	
416.95	357.75	1.35	
41.08	333.99	1.84	
50.96	408.83	1.10	
192.37	101.69	1.56	
-5.79	-69.16	1.52	
313.32	383.28	1.99	
-85.11	-145.37	1.02	
25.37	-290.87	1.12	
-116.24	35.40	1.33	
50.68	-370.52	1.93	
-268.30	9.57	1.34	
47.06	-360.05	1.21	
148.87	318.38	1.61	
222.99	-226.80	1.36	
343.80	-184.30	1.39	
376.56	143.92	1.67	
48.56	-131.80	1.32	
-198.42	31.23	1.83	
338.15	-137.90	1.18	
-305.80	298.20	1.46	
-129.93	-273.65	1.86	
-200.86	165.61	1.62	
-322.81	-89.99	1.49	
307.88	122.04	1.48	
179.09	-271.69	1.42	
55.45	-92.30	1.64	
290.22	352.09	1.50	
-361.40	-95.81	1.11	
-353.86	-296.94	1.52	
86.50	-62.55	1.33	
-17.35	-188.28	1.41	
202.02	137.91	1.90	
372.77	-113.95	1.08	
-310.94	-176.19	1.35	
-405.74	-210.46	1.44	
-308.33	-99.53	1.86	
402.61	85.49	1.51	
-251.99	-306.69	1.43	
-1.37	-298.06	1.79	
324.33	-423.05	1.10	
240.84	423.84	1.66	
208.67	-96.11	1.94	
-190.82	-200.77	1.48	
-127.95	-314.44	1.62	
-183.02	-49.38	1.38	
218.28	374.48	1.38	
389.29	37.16	1.09	
-213.04	-286.54	1.41	
420.73	-249.43	1.07	
302.77	-400.05	1.51	
349.95	337.52	1.82	
234.34	30.63	1.24	
-191.62	136.80	1.78	
-161.46	-4.83	1.53	
314.62	408.11	1.46	
87.41	287.01	1.97	
-230.80	29.05	1.49	
357.92	302.69	1.81	
-341.77	-403.20	1.41	
133.52	151.42	1.71	
-133.36	260.18	1.45	
-408.88	-279.74	1.31	
-402.29	14.79	1.77	
211.65	-150.22	1.29	
-331.57	-183.23	1.88	
291.26	-363.41	1.81	
-141.23	-362.97	1.69	
-267.60	-335.53	1.83	
186.77	298.89	1.07	
-166.62	-318.17	1.21	
-66.03	292.30	1.68	
242.97	-278.68	1.76	
385.74	-190.24	1.56	
-323.70	-67.58	1.72	
-306.23	-155.04	1.20	
149.92	-180.38	1.36	
-52.00	-286.25	1.13	
-96.29	-41.83	1.55	
8.15	-322.29	1.38	
-240.38	86.93	1.36	
-348.86	-273.31	1.77	
-266.07	-292.29	1.21	
401.38	304.47	1.22	
-396.77	-214.13	1.34	
301.19	250.18	1.34	
92.38	1.46	1.70	
-297.54	-86.26	1.98	
-244.56	-407.13	1.38	
389.48	-86.90	1.17	
374.65	-142.86	1.74	
-227.82	-364.50	1.10	
-66.04	-424.96	1.64	
265.38	-240.27	1.27	
159.96	189.59	1.98	
-31.68	-282.94	1.94	
150.88	78.96	2.00	
367.26	172.12	1.29	
-4.24	425.64	1.13	
71.03	-388.94	1.16	
233.41	-55.40	1.32	
-299.87	-406.39	1.79	
320.15	-51.42	1.10	
339.10	-257.89	1.99	
-137.45	-235.60	1.07	
286.13	-319.72	1.17	
-1.62	-227.60	1.28	
330.21	54.13	1.69	
282.87	217.37	1.32	
162.80	299.36	1.58	
-195.38	45.84	1.89	
-281.86	183.88	1.35	
165.02	-319.08	1.78	
-75.78	292.04	1.01	
-245.27	-133.82	1.63	
-365.01	182.12	1.06	
-145.51	6.85	1.29	
273.00	166.62	1.43	
-63.55	-157.99	1.75	
319.19	-379.10	1.85	
-300.05	38.22	1.24	
-31.99	314.07	1.99	
-244.53	-150.31	1.97	
-49.28	393.79	1.18	
-47.73	-419.12	1.67	
-115.90	-207.30	1.44	
-48.84	152.24	1.30	
51.19	64.15	1.40	
367.59	333.42	1.47	
290.42	407.53	1.42	
261.29	139.25	1.35	
376.37	-96.14	1.10	
132.14	-318.69	1.36	
-297.62	117.34	1.60	
-29.33	216.59	1.93	
-19.83	-252.90	1.47	
-291.62	-205.40	1.74	
-204.97	-175.70	1.02	
128.82	-318.94	1.13	
-267.54	-155.65	1.29	
-299.21	-318.08	1.44	
181.79	166.66	1.69	
6.82	344.12	1.55	
385.03	73.66	1.51	
-131.57	-118.37	1.24	
139.49	379.72	1.51	
-395.31	-311.40	1.29	
311.09	335.34	1.23	
296.36	418.41	1.30	
145.98	164.21	1.48	
417.22	-404.13	1.23	
6.81	-22.79	1.99	
-278.63	383.77	1.89	
-0.46	-102.73	1.80	
-30.23	-151.96	1.82	
-122.64	-160.58	1.27	
186.45	81.14	1.57	
260.21	74.95	1.94	
290.67	-45.78	1.28	
-407.24	22.09	1.09	
-356.89	373.22	1.26	
-212.60	356.86	1.23	
-251.30	-68.53	1.08	
-331.64	8.81	1.97	
-112.60	266.02	1.49	
127.55	-340.45	1.02	
286.42	43.61	1.55	
-268.67	-128.56	1.16	
244.55	-422.25	1.23	
407.72	-0.61	1.28	
-196.38	-262.48	1.17	
239.17	-96.00	1.06	
94.07	331.43	1.06	
-193.62	-172.30	1.70	
23.86	323.85	1.29	
-34.15	85.20	1.96	
-63.66	422.30	1.11	
9.72	261.72	1.21	
-338.06	299.79	1.53	
-285.38	-161.89	1.89	
-167.76	-57.60	1.03	
135.04	-107.20	1.92	
425.68	-245.30	1.84	
-318.25	205.56	1.43	
-323.00	409.53	1.73	
174.94	-265.58	1.38	
-56.72	-286.90	1.68	
-256.57	66.60	1.24	
40.03	100.04	1.57	
88.73	259.77	1.86	
-216.62	197.97	1.10	
193.12	34.33	1.83	
26.57	406.36	1.57	
184.79	-19.09	1.65	
139.40	259.73	1.07	
106.90	-337.17	1.35	
261.07	-284.66	1.85	
-113.88	136.06	1.36	
169.87	298.60	1.95	
372.31	-334.94	1.59	
96.08	-266.62	1.99	
-320.66	331.82	1.52	
349.88	-196.45	1.18	
114.58	-311.52	1.71	
-232.85	-106.82	1.71	
145.47	-59.74	1.16	
-167.47	68.55	1.21	
-340.12	-88.82	1.25	
235.66	-111.60	1.76	
175.10	-88.91	1.19	
218.32	-408.59	1.60	
-394.43	-332.79	1.61	
-420.88	-399.76	1.62	
66.91	-116.21	1.92	
-92.45	319.79	1.11	
335.25	94.95	1.79	
-12.88	-172.73	1.87	
-354.39	-249.57	1.56	
141.66	-76.85	1.44	
349.11	64.40	1.33	
342.90	241.00	1.86	
77.88	124.59	1.99	
-200.41	222.00	1.33	
-215.63	-332.53	1.63	
-295.97	271.68	1.40	
-222.47	-352.10	1.17	
-288.36	-43.86	1.94	
-316.59	11.03	1.01	
268.14	326.33	1.36	
410.98	-381.92	1.61	
166.03	-253.48	1.86	
151.40	-280.94	1.69	
388.37	168.45	1.05	
160.63	370.18	1.72	
-156.22	-355.38	1.49	
352.05	331.81	1.99	
107.20	35.69	1.97	
251.26	-73.37	1.79	
179.84	121.76	1.75	
-296.52	-33.86	1.47	
-126.26	6.52	1.40	
-223.03	384.58	1.14	
21.72	-153.97	1.97	
-320.82	-115.17	1.50	
-395.40	-301.48	1.91	
158.98	-201.80	1.12	
285.73	10.92	1.00	
-120.90	-198.33	1.81	
33.26	297.82	1.83	
265.99	-146.71	1.68	
32.31	52.99	1.43	
-264.84	220.50	1.86	
130.50	171.34	1.40	
19.62	399.41	1.67	
26.22	189.31	1.64	
-377.63	-128.50	1.57	
396.69	131.34	1.05	
-380.82	244.76	1.21	
296.66	113.81	1.99	
-413.72	-306.21	1.03	
-141.11	249.42	1.92	
422.57	339.23	1.21	
254.01	-201.72	1.20	
349.12	-22.63	1.81	
-240.68	-41.50	1.19	
284.97	-8.97	1.08	
-227.34	-360.92	1.71	
-321.75	-361.64	1.13	
214.37	-70.25	1.31	
9.41	-271.03	1.22	
-238.53	-8.57	1.35	
144.13	94.12	1.24	
224.23	214.47	1.25	
-201.57	-401.20	1.00	
-146.51	54.70	1.51	
422.89	375.45	1.82	
-185.20	-72.49	1.79	
-109.89	-310.22	1.54	
40.89	-280.80	1.84	
-172.09	127.52	1.75	
399.24	-109.87	1.23	
-283.42	-341.53	1.03	
166.06	375.25	1.83	
91.46	82.80	1.17	
187.63	57.25	1.81	
-413.84	243.23	1.82	
204.66	175.04	1.52	
-394.88	142.67	1.52	
124.92	-271.20	1.99	
72.17	248.90	1.36	
327.34	-266.03	1.79	
-272.45	344.36	1.32	
377.72	412.00	1.49	
-278.94	-272.10	1.71	
149.61	-291.38	1.19	
2.01	363.48	1.04	
-347.78	331.44	1.49	
4.45	204.18	1.95	
156.62	-191.87	1.16	
-298.41	-235.19	1.39	
210.83	-358.65	1.74	
381.22	-50.57	1.08	
-194.91	103.10	1.12	
-368.83	354.77	1.41	
396.35	-188.12	1.36	
-58.17	330.69	1.44	
166.19	-395.72	1.08	
-406.22	37.68	1.39	
-76.02	-36.11	1.58	
174.44	-89.22	1.07	
-125.51	357.63	1.35	
-94.80	40.49	1.64	
237.38	-361.03	1.30	
-46.00	-371.14	1.99	
-231.12	187.21	1.64	
-414.20	-190.20	1.21	
-329.79	-211.85	1.43	
-141.04	170.56	1.52	
200.36	-218.27	1.16	
224.67	376.73	1.67	
-284.77	404.00	1.23	
394.83	12.74	1.16	
190.64	327.62	1.43	
-96.98	90.72	1.29	
107.97	140.88	1.45	
-113.94	-231.09	1.08	
251.29	-188.10	1.43	
-350.65	239.74	1.98	
425.54	-332.10	1.91	
-262.76	292.21	1.62	
12.21	-171.34	1.31	
-255.44	317.98	1.02	
273.07	-109.86	1.52	
424.99	244.60	1.47	
38.09	-188.94	1.32	
243.23	388.27	1.09	
413.61	-330.28	1.79	
-201.14	-372.28	1.22	
215.76	337.17	1.35	
-44.83	-5.32	1.94	
-181.66	-182.67	1.45	
-131.49	-188.01	1.30	
-406.96	-248.23	1.49	
-273.95	317.86	1.73	
-317.74	-378.09	1.05	
346.82	237.89	1.54	
-340.82	-27.51	1.72	
307.12	-376.97	1.57	
-389.33	418.38	1.67	
-19.65	-421.78	1.90	
311.25	94.78	1.30	
235.16	-76.33	1.89	
363.04	-362.33	1.31	
-422.93	91.04	1.39	
-141.93	64.86	1.54	
-418.19	61.31	1.91	
72.69	339.49	1.83	
133.88	-290.98	1.66	
-367.44	176.13	1.36	
-276.68	392.93	1.31	
-96.93	-234.13	1.13	
-177.10	-287.17	1.57	
150.56	127.30	1.87	
282.29	405.67	1.54	
91.62	380.09	1.08	
-384.77	-158.49	1.15	
424.55	390.66	1.97	
-212.43	342.78	1.23	
-257.85	251.26	1.04	
-118.46	324.80	1.60	
-103.87	170.32	1.52	
-66.59	-146.10	1.23	
62.00	150.71	1.72	
-264.30	-410.06	1.69	
293.27	384.22	1.68	
-109.74	348.85	1.65	
-311.24	-228.54	1.36	
-13.72	211.03	1.49	
20.36	-226.64	1.08	
156.19	166.92	1.33	
56.39	0.16	1.49	
-50.86	247.51	1.33	
-232.88	83.38	1.53	
65.44	380.98	1.68	
299.06	322.75	1.55	
-23.18	78.45	1.46	
-232.23	-82.19	1.66	
316.33	-279.17	1.46	
-218.48	-9.47	1.13	
-3.68	-28.24	1.46	
-186.23	-186.48	1.83	
100.83	-185.91	1.23	
24.90	-144.79	1.02	
1.09	199.83	1.29	
-96.96	-176.14	1.82	
277.04	-423.98	1.22	
388.72	367.37	1.93	
334.93	-32.86	1.69	
-119.37	199.50	1.47	
252.85	125.28	1.23	
1.42	-423.31	1.72	
-65.69	-266.56	1.50	
-155.47	254.63	1.58	
-37.95	-26.43	1.58	
162.63	313.99	1.28	
262.61	135.38	1.43	
-2.39	-26.38	1.20	
207.07	-11.52	1.78	
-272.08	-244.86	1.41	
399.03	285.41	1.72	
-96.30	-160.46	1.74	
193.10	-332.59	1.71	
315.05	-404.12	1.51	
310.60	-171.27	1.69	
-419.12	104.20	1.24	
16.88	414.16	1.43	
-182.20	-96.39	1.38	
-315.79	357.14	1.69	
-121.89	89.17	1.92	
406.19	-275.87	1.14	
-52.85	-408.98	1.47	
-371.43	-382.01	1.23	
68.67	42.87	1.41	
90.52	310.87	1.98	
-137.96	290.92	1.85	
64.74	301.83	1.69	
-228.70	-210.51	1.06	
-232.41	-164.84	1.08	
197.63	103.23	1.86	
-357.19	207.84	1.42	
14.66	-230.75	1.75	
-251.81	376.41	1.95	
25.44	104.43	1.48	
-290.50	116.52	1.61	
-102.07	415.47	1.20	
234.86	327.88	1.60	
-249.14	303.38	1.44	
-419.02	108.25	1.67	
368.57	85.60	1.39	
284.51	425.67	1.18	
395.94	31.02	1.45	
-77.88	-286.94	1.41	
50.47	-265.99	1.64	
8.50	309.66	1.67	
305.05	-90.36	1.70	
-62.55	208.28	1.28	
-284.70	-320.94	1.01	
403.10	251.36	1.95	
-291.50	-103.25	1.71	
-151.21	-305.12	1.82	
87.10	300.46	1.11	
303.57	36.19	1.20	
-272.27	135.68	1.83	
361.37	264.62	1.82	
-209.25	-417.80	1.65	
-209.72	134.15	1.79	
-169.13	-202.36	1.23	
299.29	-140.29	1.24	
-338.56	-219.65	1.67	
-30.31	27.14	1.61	
-75.70	-94.58	1.63	
-284.93	155.29	1.88	
-379.01	-318.39	1.11	
-260.40	-372.94	1.75	
158.91	-208.45	1.16	
344.46	-409.17	1.73	
247.56	-230.04	1.56	
352.67	-247.63	1.70	
219.14	-63.65	1.81	
-366.67	280.57	1.42	
-364.87	131.58	1.36	
-254.64	-387.74	1.80	
379.09	385.13	1.43	
140.56	-37.53	1.59	
-363.72	384.56	1.16	
-394.90	-234.31	1.52	
13.54	-224.49	1.62	
197.57	-385.26	1.48	
-239.46	-333.93	1.72	
135.21	-88.93	1.63	
-142.63	-9.08	1.97	
-373.64	346.40	1.74	
306.77	222.25	2.00	
-318.26	143.52	1.57	
-156.18	-3.20	1.79	
-394.12	-369.04	1.22	
192.96	-102.69	1.32	
-111.53	408.72	1.60	
-150.20	113.73	1.59	
184.66	-35.25	1.92	
-394.71	-182.97	1.11	
187.44	-194.78	1.07	
120.64	-56.24	1.95	
-249.14	248.37	1.51	
-4.70	414.17	1.19	
205.37	-404.66	1.88	
-216.56	291.91	1.28	
-90.72	32.42	1.00	
273.55	358.16	1.06	
83.56	343.87	1.52	
-252.55	387.15	1.36	
147.19	-336.45	1.75	
-166.29	-92.73	1.62	
97.01	-61.89	1.76	
168.58	403.72	1.70	
-249.66	27.59	1.55	
-424.56	350.97	1.44	
-27.30	-179.22	1.90	
-194.35	-315.83	1.49	
-188.49	-186.15	1.97	
-175.52	-153.24	1.40	
-400.81	311.71	1.13	
-27.30	131.91	1.69	
-278.89	35.88	1.03	
69.94	334.83	1.05	
377.98	303.22	1.89	
348.06	-48.35	1.07	
193.80	92.97	1.13	
146.45	246.49	1.06	
309.27	168.28	1.85	
-211.85	36.03	1.55	
-103.65	-162.58	1.80	
346.26	386.96	1.67	
-136.95	356.07	1.47	
190.90	207.51	1.64	
-88.16	198.32	1.51	
-57.17	-344.33	1.84	
276.00	322.63	1.37	
347.04	-266.04	1.48	
423.57	-227.68	1.29	
-143.92	-25.60	1.91	
-156.40	398.77	1.65	
180.10	238.31	1.46	
-394.67	389.32	1.26	
160.89	-176.43	1.33	
-411.99	30.74	1.08	
-250.02	416.82	1.99	
311.80	-55.00	1.34	
-290.18	282.12	1.20	
-27.63	-249.55	1.17	
-100.42	35.03	1.02	
-418.00	-26.33	1.35	
259.15	398.57	1.33	
-129.55	-181.81	1.35	
-312.75	-119.24	1.02	
212.57	134.87	1.65	
198.71	179.98	1.74	
-194.12	115.13	1.89	
102.23	-71.42	1.45	
77.51	-86.68	1.64	
-238.17	-260.89	1.25	
-358.06	-281.77	1.27	
349.09	304.69	1.52	
-403.30	-218.04	1.82	
58.11	-212.14	1.76	
-129.86	66.79	1.09	
-133.79	-344.12	1.18	
165.05	98.28	1.78	
248.18	-416.77	1.80	
-222.03	73.52	1.23	
-33.65	-18.49	1.53	
143.95	-285.69	1.15	
271.91	-134.30	1.14	
-273.17	315.73	1.87	
261.53	273.20	1.81	
-286.40	-253.31	1.50	
-87.26	148.67	1.13	
271.91	-215.64	1.52	
-422.90	315.87	1.76	
-130.90	-206.26	1.16	
42.17	73.77	1.32	
173.74	66.59	1.59	
11.70	116.24	1.08	
-301.92	-399.95	1.86	
-4.84	-213.80	1.91	
-366.49	67.90	1.97	
420.84	-202.75	1.62	
-134.59	182.88	1.50	
-77.95	-13.18	1.41	
-358.69	67.59	1.87	
203.54	-54.72	1.86	
262.47	-54.08	1.92	
413.16	294.99	1.81	
-261.21	-202.68	1.84	
-206.44	99.89	1.29	
253.42	411.85	1.73	
-341.64	-424.42	1.28	
131.85	158.73	1.75	
425.71	186.94	1.76	
-279.53	-188.06	1.38	
-18.39	381.63	1.78	
-352.96	-295.00	1.49	
-164.17	-68.50	1.05	
33.33	311.55	1.71	
-143.44	-149.01	1.99	
231.02	407.30	1.74	
78.52	269.95	1.29	
322.45	302.32	1.89	
385.00	271.49	1.24	
240.90	-74.02	1.29	
-184.60	47.15	1.38	
34.07	136.96	1.67	
-31.81	48.74	1.68	
109.79	-86.29	1.75	
-23.46	-143.08	1.92	
-44.45	-10.90	1.06	
-22.11	36.50	1.61	
-313.01	-192.38	1.02	
10.08	-95.03	1.94	
392.32	-380.10	1.96	
-335.98	373.44	1.11	
-383.06	-87.98	1.05	
-354.14	-342.72	1.27	
-7.37	265.39	1.53	
72.14	-64.11	1.89	
-216.16	160.33	1.99	
-99.55	-102.03	1.13	
-399.66	342.35	1.37	
-173.80	-263.69	1.96	
404.38	375.09	1.08	
232.16	272.50	1.00	
77.89	-400.11	1.20	
-102.71	5.74	1.05	
-20.70	374.15	1.60	
-126.07	-51.87	1.93	
144.06	2.00	1.18	
359.24	-55.51	1.95	
408.19	-346.50	1.03	
-26.29	198.15	1.64	
357.29	-79.05	1.20	
-288.40	390.26	1.01	
228.10	29.53	1.13	
375.46	-167.13	1.35	
-264.84	-381.08	1.31	
-413.58	344.47	1.45	
-238.38	406.56	1.67	
92.18	-274.99	1.79	
264.78	206.45	1.95	
-256.16	-374.02	1.93	
-47.24	-123.31	1.94	
-394.63	-280.38	1.04	
-183.81	-30.56	1.49	
103.17	-57.97	1.49	
138.50	318.48	1.37	
120.09	-304.36	1.66	
-68.37	-334.51	1.29	
-369.52	151.92	1.77	
371.17	-24.60	1.44	
164.77	37.92	1.71	
-71.96	-150.96	1.80	
-310.91	345.40	1.60	
180.28	115.39	1.54	
27.44	257.42	1.27	
44.80	-94.46	1.70	
-291.48	398.66	1.36	
-207.52	93.14	1.83	
-219.70	-179.66	1.88	
-342.48	339.90	1.21	
-0.63	-61.41	1.87	
-211.37	-103.07	1.30	
-249.67	385.83	1.04	
-138.04	-161.61	1.38	
-14.77	229.00	1.77	
-22.81	-124.33	1.74	
270.36	135.80	1.50	
-176.31	-15.59	1.73	
212.24	91.79	1.22	
44.50	405.41	1.98	
418.56	-296.67	1.36	
-381.70	128.00	1.58	
341.32	150.17	1.07	
-300.81	265.63	1.52	
273.33	127.82	1.83	
-362.46	209.98	1.23	
264.46	195.40	1.83	
276.45	31.13	1.41	
-162.69	425.73	1.25	
-332.37	3.56	1.17	
46.76	-329.18	1.24	
196.28	-113.37	1.63	
-380.97	-289.27	1.85	
284.39	-327.99	1.62	
121.69	-96.12	1.46	
178.93	161.12	1.28	
-219.06	422.05	1.65	
-386.03	302.75	1.93	
-136.59	330.40	1.47	
176.84	-399.79	1.71	
-125.81	40.00	1.16	
-232.27	-309.90	1.79	
322.73	374.68	1.04	
205.30	-298.02	1.18	
213.26	5.08	1.41	
182.76	-84.94	1.83	
119.31	-289.20	1.72	
-353.46	75.05	1.69	
398.73	145.73	1.29	
-193.70	-257.04	1.66	
-218.89	-136.27	1.25	
-98.64	212.96	1.41	
400.71	-313.66	1.59	
-424.84	250.75	1.00	
155.99	-190.02	1.29	
331.61	128.99	1.95	
26.55	166.27	1.34	
-52.32	-92.95	1.30	
-390.53	61.66	1.47	
-306.42	-50.36	1.61	
390.00	-223.53	1.87	
214.98	-49.03	1.74	
-81.35	-118.10	1.30	
320.28	120.76	1.62	
129.76	330.75	1.88	
-89.91	281.97	1.91	
-383.84	-186.02	1.63	
-29.54	-288.61	1.30	
-143.65	41.34	1.50	
-50.51	28.39	1.26	
67.50	174.34	1.93	
-330.46	257.97	1.70	
-346.55	-134.74	1.12	
197.16	324.07	1.20	
-202.37	-68.45	1.10	
-313.49	272.55	1.46	
-146.84	103.68	1.98	
384.16	-100.33	1.11	
377.44	-64.56	1.78	
174.85	-256.95	1.44	
-4.01	211.88	1.53	
-393.39	116.75	1.68	
-407.20	-327.13	1.44	
-5.62	-44.95	1.94	
-235.14	84.21	1.82	
-324.44	205.06	1.48	
67.93	-172.89	1.54	
364.15	-147.56	1.04	
209.95	-308.60	1.59	
-195.14	284.82	1.26	
-209.08	91.80	1.64	
-191.02	-140.12	1.54	
-341.80	194.55	1.64	
-293.65	83.33	1.47	
-63.28	-114.69	1.43	
